2168
2668
14003
15169
15835
16668
17335
17834
18334
19167
21334
44000
44834
45501
47000
47666
58334
58834
59331
59831
60331
60831
71166
72001
77501
78165
86167
86667
87498
96166
96832
97332
97832
98333
98833
99332
99831
100831
101997
105831
106997
107997
108997
109998
110998
111998
112998
114165
115832
116999
117998
118998
119998
122331
123331
124331
125331
126331
127331
129998
131165
132165
133164
134331
135331
136331
137331
138331
139331
140164
147165
148665
149331
149831
150331
150831
151331
151830
158330
158997
159497
159997
160497
160997
161664
162331
164330
165496
166496
168663
169997
170997
171998
172997
173997
175163
177330
180831
181998
182663
183162
183662
184162
185163
186163
193331
195162
198829
200162
200828
208661
209161
209827
210661
211161
211661
212494
213161
214328
215495
216662
217495
218662
223829
224328
229828
230828
232995
236495
239163
244819
247494
250160
250660
251160
251660
252160
252660
253160
254160
255160
256160
257160
258160
259160
260160
261160
262160
263160
264160
265160
266160
267160
268160
269160
270160
271160
272160
273160
274160
275160
276160
277327
278327
279327
280327
281327
282327
283327
284494
285493
286493
287493
288493
289493
290493
291493
292493
293493
294493
295493
296493
297493
298493
299493
300493
301493
302493
303660
304659
305659
306659
307659
308659
309659
310659
311659
312659
313659
314659
315659
316659
317659
318659
319659
320659
321659
322659
323659
324659
325659
326659
327659
328659
329659
330659
331659
332658
333658
334658
335658
336658
337658
338658
339658
340658
341658
342658
343658
344658
345658
346658
347658
348658
349658
350658
351658
352658
353658
354658
355658
356658
357658
358658
359658
360658
361658
362658
363658
364658
365658
366658
369658
370657
371657
372657
373657
374657
375657
376657
377657
378657
379657
380657
381657
382657
383657
384490
385657
386657
387490
391992
392492
392991
393491
393991
394990
395990
396990
398157
399157
400157
401157
402156
403156
404156
405156
406156
407156
408156
409156
410156
411156
412156
413156
414156
415156
416156
417156
418156
419156
420156
421156
422156
423156
424156
425156
426156
427156
428156
429156
430156
431155
432155
433155
434155
435155
436155
437155
438155
439155
440155
441155
442155
443155
444155
445155
446155
447155
448155
449155
450155
451155
452155
453155
454155
455155
456155
457155
458155
459155
460155
461155
462155
463155
464154
465154
466154
467154
468154
469154
470321
471321
472321
473321
474321
475321
476321
477321
478321
479321
480321
481321
482321
483321
484321
485321
486321
487321
488321
489321
490321
491321
492321
493320
494320
495320
496320
497320
498320
499320
500320
501320
502320
503320
504320
505320
506320
507320
508320
509320
510320
511320
512320
515320
516819
517652
518819
519819
520819
521819
522819
523819
524819
525819
526986
527986
528986
529986
530986
531986
532986
533986
534986
535986
536986
537986
538986
539986
540986
541986
542986
543986
546486
547819
549652
551319
553152
554319
556319
556818
557818
558818
559818
560818
561985
563652
564819
565818
566818
567651
568651
575484
575984
576484
576984
577484
577984
578484
578984
579984
580984
581984
582984
583984
584984
585984
586984
587984
588984
589984
590984
591984
592984
593984
594984
595984
596984
597984
598984
599984
600984
601984
603151
604150
605150
606150
607150
608150
609150
610150
611150
612150
613150
614150
615150
616150
617150
618150
619150
620317
621316
622316
623316
624316
625316
626316
627483
628483
629483
630483
631483
632483
633483
634483
635483
636483
637483
638483
639482
640482
641482
642482
643482
644482
645482
646482
647482
648482
649482
650482
651482
652482
653482
654482
655482
656482
657482
658482
659482
660482
661482
662482
663482
664482
665481
666481
667481
668481
669481
670481
671481
672481
673481
674481
675481
676481
677481
678481
679481
680481
681481
682481
683481
684481
685481
686481
687481
688481
689481
690481
691481
692481
693481
694481
695481
696481
697481
698481
699481
700480
701480
702480
703480
704480
705480
706480
707480
708480
709480
710480
711480
712480
713480
714480
715480
716480
717480
718480
719480
720480
721480
722480
723480
724480
725480
726480
727480
728480
729480
730480
731480
732480
733480
734479
735479
736479
737479
738479
739479
740479
741479
742479
743479
744479
745646
746646
747646
748646
749646
750646
751646
752646
753646
754645
755645
757478
758311
759478
761311
762311
763311
764311
765311
766311
767311
768311
769478
770478
771478
772478
773311
774478
775645
776812
777811
778811
779811
780811
781811
783144
785144
786311
787311
788311
789311
790311
791311
792478
793478
794478
797311
799978
800977
802644
803144
803644
806311
806977
808144
808644
809144
810144
811144
812144
813144
814144
815310
816477
817644
818476
819643
820643
821643
822643
823643
824643
825643
826643
827643
828643
829643
830643
831643
832643
833643
834643
835643
836643
837643
838643
839643
840643
841643
842643
843643
844643
845643
846643
847643
848643
849643
850643
851643
852643
853642
854642
855642
856642
857642
858642
859642
860642
861642
862642
863642
864642
865642
866642
867642
868642
869642
870642
871642
872642
873642
874642
875642
876642
877642
878642
879641
880641
881641
882641
883641
884641
885641
886641
887641
888641
889641
890641
891641
892641
893641
894641
895641
896641
897808
898808
899808
900808
901808
902808
903808
904808
905807
906807
907974
908974
909974
910974
911974
912974
914141
915141
916307
917307
918307
919307
920307
921307
922307
923307
924307
925307
926307
927307
928307
929307
930307
931307
932307
933307
934307
935307
936306
937473
938473
939473
940473
941473
942473
943473
944473
945473
946473
947473
948473
949473
950473
951473
952473
953640
954806
955973
956973
958140
959139
960139
961139
962139
963139
964139
965139
966139
967139
968139
969139
970139
971139
972138
973138
974138
975138
976138
977138
978138
979138
980138
981138
982138
983138
984138
985138
986138
987138
988138
989138
990138
991138
992138
993138
994138
995138
996138
997138
998138
999138
1000138
1001138
1002138
1003138
1004138
1005138
1006138
1007138
1008138
1009138
1010137
1011137
1012137
1013137
1014137
1015137
1016137
1017137
1018137
1019137
1020137
1021137
1022137
1023137
1024137
1025137
1026137
1027304
1028304
1029303
1030303
1031303
1032303
1033303
1034303
1035303
1036303
1037303
1038470
1039470
1040470
1041470
1042470
1043470
1044637
1045636
1046636
1047636
1048636
1049636
1050636
1051636
1052803
1053803
1054803
1055803
1056970
1057969
1058969
1059969
1060969
1061969
1062969
1063969
1064969
1065969
1066969
1067969
1068969
1069969
1070969
1071969
1072969
1073969
1075136
1076136
1077135
1078135
1079135
1080135
1081135
1082135
1083302
1084302
1085469
1086635
1087635
1088635
1089635
1090968
1091968
1093301
1094468
1095468
1096468
1097301
1098468
1099468
1100301
1101468
1102468
1103468
1104468
1105468
1106468
1107301
1108468
1109467
1110467
1111634
1112634
1113634
1114967
1115967
1117134
1118134
1119134
1120134
1121134
1122134
1123134
1124134
1125301
1126467
1127467
1128300
1129467
1130467
1131467
1132634
1133800
1134800
1135967
1136967
1138134
1139133
1140133
1141133
1142133
1143133
1144133
1145133
1146133
1147133
1148133
1149300
1150467
1151466
1152466
1153633
1154633
1155633
1156633
1157800
1158799
1159799
1160966
1162299
1163466
1164466
1165466
1166466
1167466
1168466
1169299
1170466
1171466
1172466
1173466
1174466
1175466
1176633
1177632
1178799
1179799
1180799
1181799
1182799
1183799
1185132
1186132
1187132
1188299
1189299
1190299
1191299
1192299
1193466
1194465
1195465
1196465
1197632
1198632
1199632
1200631
1201631
1202631
1203631
1204798
1205798
1206798
1207798
1208798
1209798
1210798
1211798
1212798
1213798
1214798
1215798
1216631
1217798
1218797
1219797
1220797
1221964
1222964
1224297
1225464
1226464
1227464
1228464
1229464
1230464
1231297
1232464
1233464
1234631
1235630
1236630
1237630
1238963
1239963
1240963
1241963
1242963
1243963
1244963
1245963
1246963
1247963
1249130
1250130
1251130
1252297
1253463
1254463
1255630
1256630
1257630
1258630
1259963
1260963
1262296
1263463
1264463
1265463
1266463
1267630
1268629
1269629
1270796
1271796
1272796
1273796
1274796
1275796
1276963
1277962
1279295
1280462
1281462
1282462
1283295
1284462
1285462
1286462
1287462
1288462
1289462
1290462
1291629
1292629
1293629
1294628
1295628
1296628
1297795
1298795
1299795
1300962
1302129
1303128
1304128
1305295
1306462
1307461
1308461
1309294
1310461
1311461
1312461
1313628
1314628
1315628
1316628
1317628
1318628
1319628
1320961
1321961
1323294
1324461
1325461
1326794
1327961
1328961
1330294
1331461
1332461
1333461
1334461
1335628
1336627
1337627
1338627
1339627
1340627
1341627
1342627
1343627
1344627
1345627
1346627
1347627
1348794
1349793
1350793
1351793
1352626
1353793
1354793
1355960
1357127
1358126
1358959
1360126
1361126
1362126
1363293
1364293
1365293
1366293
1367293
1368293
1369293
1370626
1371626
1372959
1374126
1375126
1376126
1376959
1378126
1379126
1379959
1381126
1382293
1383625
1384625
1385958
1387125
1388125
1388958
1390125
1391125
1392125
1393125
1394125
1395125
1396125
1397292
1398292
1399292
1400625
1401625
1402625
1403625
1404625
1405625
1406792
1407791
1408791
1409958
1410958
1412125
1413125
1413958
1415291
1416291
1417291
1418624
1419624
1420624
1421624
1422624
1423624
1424624
1425624
1426624
1427791
1428791
1429791
1430791
1431624
1432791
1433958
1434957
1436124
1437124
1438124
1439124
1440124
1441291
1442458
1443457
1444624
1445624
1446624
1447624
1448624
1449624
1450957
1451957
1453124
1454123
1455290
1456457
1457457
1458624
1459623
1460623
1461790
1462790
1463790
1464957
1465957
1466789
1467956
1469123
1470123
1471123
1472290
1473290
1474289
1475289
1476289
1477289
1478622
1479622
1480955
1482122
1483122
1483955
1485122
1486289
1487289
1488456
1489623
1490955
1492122
1493122
1494122
1494955
1496122
1497122
1498122
1499289
1500289
1501289
1502456
1503622
1504955
1506122
1507122
1508122
1509122
1510122
1511122
1511954
1513121
1514121
1515121
1516121
1517121
1518121
1518954
1520121
1521121
1522288
1523621
1524788
1525788
1526788
1527955
1528954
1529954
1530954
1531954
1532954
1533954
1535121
1536121
1537288
1538287
1539287
1540287
1541287
1542287
1543287
1544287
1545287
1546287
1547287
1548287
1549287
1550287
1551620
1552620
1553953
1555120
1556120
1556953
1558120
1559120
1560120
1560953
1562120
1563120
1564120
1565120
1566120
1567120
1567953
1569120
1570120
1570953
1572120
1573120
1574120
1575119
1576286
1577286
1578286
1579286
1580286
1581286
1582619
1583619
1584619
1585619
1586952
1588119
1589119
1590119
1591286
1592286
1593286
1594286
1595453
1596452
1597452
1598452
1599452
1600452
1601785
1602785
1603785
1604952
1606119
1607118
1607951
1609118
1610118
1611118
1612285
1613285
1614285
1615285
1616285
1617285
1618285
1619618
1620785
1621785
1622785
1623785
1624952
1625951
1626951
1627951
1628951
1630118
1631285
1632284
1633451
1634451
1635451
1636451
1637784
1638951
1640118
1641118
1642285
1643284
1644284
1645284
1646284
1647284
1648284
1649617
1650617
1651950
1653117
1654117
1655117
1656284
1657283
1658283
1659616
1660616
1661949
1663116
1664116
1665116
1666116
1667283
1668283
1669283
1670450
1671450
1672450
1673450
1674450
1675450
1676450
1677450
1678450
1679450
1680617
1681616
1682949
1684116
1685116
1686283
1687283
1688616
1689616
1690783
1691783
1692783
1693783
1694949
1696282
1697282
1698615
1699615
1700782
1701782
1702782
1703782
1704949
1706116
1707116
1707948
1709115
1710115
1711115
1711948
1713115
1714115
1714948
1716115
1717115
1718115
1719115
1720115
1721115
1721948
1723115
1724115
1725115
1726282
1727281
1728281
1729281
1730281
1731281
1732281
1733614
1734614
1735947
1737280
1738280
1739280
1740613
1741613
1742946
1744113
1745113
1746113
1747113
1748280
1749280
1750280
1751280
1752280
1753280
1754613
1755613
1756780
1757780
1758780
1759780
1760780
1761780
1762780
1763780
1764780
1765780
1766780
1767947
1768947
1770114
1770946
1772113
1773113
1774113
1775113
1776113
1777113
1778113
1779113
1780113
1780946
1782113
1783113
1784113
1785280
1786279
1787279
1788279
1789612
1790612
1791945
1793112
1794112
1795112
1796279
1797279
1798279
1799612
1800612
1801945
1803112
1804112
1805112
1806279
1807446
1808445
1809445
1810612
1811612
1812612
1813779
1814778
1815778
1816778
1817945
1818945
1819945
1820945
1822112
1822945
1824112
1825111
1826111
1827278
1828278
1829278
1830278
1831278
1832278
1833278
1834611
1835778
1836945
1838111
1839111
1840278
1841611
1842611
1843944
1845111
1846111
1847111
1847944
1849111
1850111
1851278
1852444
1853444
1854444
1855444
1856444
1857444
1858611
1859611
1860610
1861777
1862777
1863777
1864777
1865777
1866777
1867777
1868777
1869777
1870777
1871944
1873110
1874110
1874943
1876110
1877110
1878110
1879110
1880110
1881110
1882277
1883276
1884276
1885276
1886276
1887443
1888610
1889776
1890776
1891776
1892776
1893776
1894776
1895943
1897110
1898109
1899109
1900276
1901276
1902276
1903443
1904442
1905442
1906442
1907609
1908776
1909776
1910776
1911775
1912775
1913942
1914942
1915942
1916942
1917942
1919109
1919942
1921109
1922109
1923109
1924108
1925108
1926108
1927108
1928108
1929108
1930108
1931275
1932275
1933275
1934275
1935275
1936275
1937275
1938608
1939608
1940608
1941608
1942775
1943941
1944941
1946108
1947108
1948108
1949275
1950274
1951274
1952607
1953607
1954940
1956107
1957107
1958107
1959107
1960107
1961107
1962274
1963274
1964274
1965274
1966274
1967441
1968440
1969440
1970440
1971440
1972440
1973440
1974440
1975607
1976607
1977940
1979107
1980107
1981107
1982274
1983273
1984273
1985606
1986606
1987606
1988606
1989606
1990606
1991606
1992773
1993773
1994773
1995940
1996939
1997939
1998939
1999939
2000939
2001939
2003106
2004106
2005106
2005939
2007106
2008106
2009106
2010106
2011106
2012106
2012939
2014272
2015272
2016439
2017606
2018605
2019938
2021105
2022105
2023105
2024105
2025272
2026272
2027605
2028605
2029938
2031105
2032105
2033105
2034272
2035271
2036271
2037604
2038604
2039771
2040771
2041938
2042938
2043938
2044938
2045938
2046938
2047938
2048938
2049938
2050938
2051938
2053105
2054104
2055104
2056104
2057271
2058271
2059271
2060271
2061604
2062604
2063771
2064938
2065937
2066937
2067937
2068937
2069937
2071104
2072271
2073270
2074270
2075270
2076270
2077270
2078270
2079270
2080270
2081270
2082270
2083270
2084270
2085270
2086270
2087270
2088269
2089269
2090436
2091436
2092436
2093603
2094603
2095603